0 33 63 5
1 0 41 1
2 49 80 10
3 33 60 2
4 0 59 7
5 50 13 3
6 34 63 11
7 0 50 10
8 50 52 0
9 35 44 4
10 0 63 5
11 51 31 9
12 35 61 3
13 0 55 3
14 51 97 9
15 36 26 4
16 0 56 4
17 52 33 5
18 37 38 10
19 0 79 3
20 52 15 11
21 37 30 8
22 0 40 0
23 53 98 10
24 38 24 2
25 0 92 10
26 53 20 4
27 39 18 2
28 0 10 0
29 54 32 10
30 39 99 5
31 0 49 3
32 54 70 0
33 40 17 1
34 0 23 1
35 55 88 6
36 41 38 10
37 0 93 11
38 55 53 7
39 41 36 2
40 0 83 7
41 56 45 5
42 42 56 10
43 0 55 3
44 56 84 8
45 43 41 7
46 0 95 1
47 57 33 5
48 43 27 5
49 0 95 7
50 57 87 5
51 44 17 7
52 0 79 3
53 58 59 7
54 45 37 9
55 0 27 11
56 58 11 1
57 45 42 2
58 0 99 11
59 59 33 11
60 46 13 3
61 0 52 6
62 59 45 11
63 47 25 9
64 0 46 6
65 60 81 5
66 47 13 3
67 0 83 7
68 60 55 3
69 48 22 0
70 0 58 0
71 61 73 3
72 49 84 2
73 0 15 11
74 61 49 3
75 49 15 5
76 0 64 6
77 62 55 3
78 50 75 11
79 0 15 11
80 62 84 8
81 51 69 11
82 0 76 0
83 63 32 10
84 51 77 1
85 0 14 4
86 63 25 9
87 52 49 9
88 0 46 6
89 64 14 10
90 53 45 5
91 0 97 3
92 64 15 5
93 53 61 9
94 0 63 5
95 65 16 6
96 54 30 8
97 0 63 5
98 65 55 9
99 55 89 7
100 0 46 0
101 66 28 6
102 55 77 1
103 0 43 3
104 66 48 2
105 56 62 10
106 0 47 1
107 67 96 8
108 57 39 5
109 0 52 6
110 67 93 11
111 57 42 2
112 0 64 6
113 68 82 6
114 58 40 6
115 0 69 5
116 68 26 10
117 59 88 0
118 0 49 9
119 69 54 8
120 59 82 0
121 0 58 0
122 69 94 0
123 60 60 8
124 0 52 6
125 70 40 0
126 61 38 10
127 0 31 9
128 70 76 0
129 61 18 2
130 0 23 7
131 71 58 6
132 62 87 11
133 0 54 8
134 71 59 1
135 63 82 6
136 0 72 2
137 72 95 1
138 63 46 0
139 0 49 9
140 72 31 9
141 64 50 10
142 0 74 4
143 73 40 6
144 65 35 7
145 0 62 10
146 73 65 1
147 65 42 2
148 0 19 3
149 74 50 10
150 66 14 4
151 0 42 8
152 74 30 2
153 67 49 3
154 0 36 8
155 75 65 1
156 67 64 0
157 0 30 8
158 75 12 2
159 68 84 8
160 0 65 1
161 76 40 0
162 69 60 2
163 0 28 0
164 76 39 11
165 69 63 11
166 0 51 11
167 77 31 3
168 70 23 7
169 0 89 7
170 77 38 4
171 71 64 6
172 0 14 4
173 78 26 4
174 71 98 4
175 0 37 3
176 78 46 6
177 72 12 8
178 0 15 5
179 79 74 4
180 73 15 11
181 0 85 3
182 79 92 4
183 73 97 3
184 0 91 3
185 80 97 3
186 74 49 3
187 0 20 10
188 80 10 6
189 75 53 1
190 0 97 3
191 81 74 10
192 75 21 5
193 0 92 10
194 81 92 10
195 76 59 1
196 0 43 3
197 82 86 10
198 77 86 4
199 0 23 7
200 82 81 5
201 77 61 9
202 0 53 7
203 83 12 2
204 78 97 9
205 0 11 1
206 83 68 4
207 79 43 9
208 0 54 8
209 84 20 4
210 79 83 1
211 0 56 4
212 84 91 3
213 80 77 7
214 0 86 10
215 85 15 11
216 81 82 6
217 0 34 6
218 85 80 10
219 81 41 7
220 0 19 3
221 86 32 10
222 82 82 6
223 0 34 0
224 86 99 11
225 83 39 5
226 0 46 6
227 87 56 10
228 83 46 6
229 0 71 1
230 87 26 4
231 84 96 2
232 0 38 4
233 88 50 4
234 85 78 8
235 0 97 3
236 88 93 11
237 85 78 8
238 0 39 11
239 89 84 2
240 86 82 6
241 0 17 1
242 89 48 2
243 87 83 7
244 0 23 7
245 90 46 6
246 87 96 8
247 0 14 4
248 90 77 1
249 88 85 3
250 0 23 1
251 91 65 1
252 89 36 8
253 0 25 3
254 91 14 10
255 89 48 8
256 0 99 11
257 92 52 6
258 90 16 6
259 0 57 5
260 92 37 9
261 91 51 5
262 0 69 5
263 93 15 5
264 91 61 9
265 0 26 4
266 93 77 7
267 92 20 10
268 0 13 3
269 94 60 8
270 93 14 10
271 0 28 0
272 94 36 2
273 93 82 6
274 0 52 6
275 95 24 8
276 94 32 10
277 0 70 0
278 95 43 9
279 95 70 0
280 0 52 0
281 96 42 8
282 95 77 7
283 0 53 7
284 96 19 9
285 96 18 8
286 0 63 11
287 97 88 6
288 97 35 7
289 0 70 0
290 97 61 3
291 97 95 7
292 0 29 1
293 98 65 1
294 98 14 4
295 0 49 9
296 98 12 8
297 0 83 7
298 0 66 8
299 0 15 5
