0 33 273 3
1 0 560 10
2 49 1060 0
3 33 575 9
4 0 1417 3
5 50 248 2
6 34 1108 0
7 0 741 3
8 50 122 6
9 35 752 2
10 0 1052 0
11 51 861 11
12 35 529 1
13 0 63 1
14 51 759 3
15 36 895 11
16 0 610 0
17 52 56 10
18 37 1400 10
19 0 485 5
20 52 337 11
21 37 894 0
22 0 163 3
23 53 785 11
24 38 171 7
25 0 976 4
26 53 1389 7
27 39 762 6
28 0 1214 6
29 54 1176 0
30 39 918 2
31 0 308 6
32 54 112 10
33 40 686 4
34 0 996 4
35 55 959 11
36 41 884 4
37 0 1030 0
38 55 186 8
39 41 893 1
40 0 164 2
41 56 1196 4
42 42 933 5
43 0 425 11
44 56 256 0
45 43 1175 3
46 0 712 10
47 57 931 9
48 43 699 5
49 0 1156 4
50 57 269 1
51 44 1127 1
52 0 471 7
53 58 320 4
54 45 339 5
55 0 1356 0
56 58 1418 6
57 45 1108 0
58 0 556 0
59 59 639 3
60 46 695 9
61 0 1428 8
62 59 1370 6
63 47 1083 11
64 0 945 11
65 60 594 0
66 47 1339 3
67 0 1213 11
68 60 660 10
69 48 305 9
70 0 745 1
71 61 51 7
72 49 251 5
73 0 1105 1
74 61 165 7
75 49 780 0
76 0 771 3
77 62 1098 6
78 50 966 10
79 0 671 7
80 62 1277 7
81 51 999 9
82 0 1350 8
83 63 404 6
84 51 1102 0
85 0 1436 10
86 63 105 7
87 52 572 0
88 0 850 6
89 64 210 10
90 53 17 7
91 0 486 8
92 64 160 8
93 53 606 2
94 0 82 0
95 65 159 5
96 54 447 11
97 0 63 9
98 65 831 5
99 55 52 8
100 0 641 11
101 66 197 5
102 55 445 9
103 0 175 7
104 66 1383 1
105 56 887 3
106 0 404 2
107 67 1354 2
108 57 172 4
109 0 37 5
110 67 46 6
111 57 399 9
112 0 408 4
113 68 1055 7
114 58 325 11
115 0 1335 5
116 68 302 0
117 59 1081 3
118 0 261 5
119 69 1089 3
120 59 934 8
121 0 1125 7
122 69 129 7
123 60 1060 10
124 0 1183 3
125 70 825 3
126 61 1416 4
127 0 526 8
128 70 50 2
129 61 1387 1
130 0 405 11
131 71 152 10
132 62 1045 9
133 0 1268 4
134 71 413 3
135 63 275 1
136 0 194 6
137 72 809 9
138 63 70 4
139 0 1154 8
140 72 143 11
141 64 1052 6
142 0 1145 3
143 73 91 1
144 65 1075 9
145 0 449 5
146 73 1169 9
147 65 741 5
148 0 103 3
149 74 722 2
150 66 1177 1
151 0 152 10
152 74 811 7
153 67 1148 8
154 0 1020 4
155 75 111 1
156 67 1026 0
157 0 232 10
158 75 1311 3
159 68 618 4
160 0 648 4
161 76 373 3
162 69 1432 2
163 0 292 0
164 76 19 9
165 69 723 7
166 0 1351 1
167 77 622 10
168 70 1148 2
169 0 477 11
170 77 918 2
171 71 684 4
172 0 1099 7
173 78 933 3
174 71 122 8
175 0 269 7
176 78 145 11
177 72 904 0
178 0 520 0
179 79 390 8
180 73 224 0
181 0 862 8
182 79 1003 3
183 73 430 10
184 0 798 4
185 80 1269 7
186 74 1033 3
187 0 771 11
188 80 702 0
189 75 676 6
190 0 989 1
191 81 520 4
192 75 389 3
193 0 970 8
194 81 393 3
195 76 245 7
196 0 908 6
197 82 87 9
198 77 1132 6
199 0 541 11
200 82 1152 8
201 77 229 5
202 0 241 7
203 83 1407 1
204 78 1398 0
205 0 847 3
206 83 550 4
207 79 1220 0
208 0 898 8
209 84 479 5
210 79 1206 10
211 0 709 3
212 84 1289 9
213 80 1148 0
214 0 1419 11
215 85 1405 7
216 81 1112 6
217 0 306 4
218 85 1366 4
219 81 1227 9
220 0 813 1
221 86 45 9
222 82 1100 10
223 0 503 11
224 86 462 2
225 83 966 4
226 0 159 3
227 87 298 8
228 83 382 0
229 0 1290 8
230 87 31 5
231 84 1212 4
232 0 956 10
233 88 371 7
234 85 927 5
235 0 405 9
236 88 39 5
237 85 474 8
238 0 305 1
239 89 1360 8
240 86 886 2
241 0 638 8
242 89 103 11
243 87 567 1
244 0 1252 2
245 90 81 7
246 87 1107 7
247 0 1033 3
248 90 1159 7
249 88 760 10
250 0 1163 1
251 91 284 4
252 89 1021 1
253 0 746 10
254 91 640 4
255 89 1343 5
256 0 1154 2
257 92 1138 8
258 90 1400 2
259 0 1040 4
260 92 1163 1
261 91 337 3
262 0 325 7
263 93 997 5
264 91 79 3
265 0 49 3
266 93 1174 2
267 92 21 9
268 0 130 2
269 94 1319 5
270 93 603 3
271 0 248 4
272 94 600 2
273 93 924 10
274 0 120 8
275 95 253 11
276 94 74 10
277 0 1056 0
278 95 39 7
279 95 516 4
280 0 899 9
281 96 944 8
282 95 1215 1
283 0 242 10
284 96 1411 1
285 96 759 11
286 0 166 10
287 97 1163 1
288 97 100 0
289 0 1397 3
290 97 1265 11
291 97 1159 1
292 0 923 3
293 98 291 5
294 98 613 1
295 0 1123 7
296 98 1318 4
297 0 1091 7
298 0 1144 2
299 0 1377 1
